7.055366678536233849e+01,-7.934902722481638193e-01
7.057447977364358849e+01,-1.779474682407453656e-01
7.059535379708108849e+01,-2.011785025242716074e-01
7.061616678536233849e+01,-3.677592157619073987e-01
7.063697977364358849e+01,-2.651949289720505476e-01
7.065785379708108849e+01,2.273847114993259311e-01
7.067866678536233849e+01,-1.634697170229628682e-01
7.069947977364358849e+01,-3.513253415003418922e-01
7.072035379708108849e+01,3.861823619809001684e-02
7.074122782051858849e+01,-4.504384170286357403e-02
7.076204080879983849e+01,-1.680575788486748934e-01
7.078285379708108849e+01,-5.368310981430113316e-02
7.080372782051858849e+01,3.957216837443411350e-02
7.082454080879983849e+01,2.717272609006613493e-01
7.084535379708108849e+01,3.815562609815970063e-01
7.086622782051858849e+01,-1.393883689306676388e-01
7.088704080879983849e+01,7.385973423952236772e-01
7.090785379708108849e+01,4.968148819170892239e-01
7.092872782051858849e+01,7.403611752670258284e-01
7.094954080879983849e+01,7.045946200378239155e-02
7.097035379708108849e+01,3.118251583073288202e-01
7.099122782051858849e+01,5.989816853543743491e-01
7.101204080879983849e+01,-1.152220813091844320e-01
7.103285379708108849e+01,8.232252453453838825e-01
7.105372782051858849e+01,5.314314680872485042e-01
7.107454080879983849e+01,-2.762900374364107847e-01
7.109535379708108849e+01,5.934660671046003699e-01
7.111622782051858849e+01,-7.501978403888642788e-02
7.113704080879983849e+01,9.012101474218070507e-02
7.115785379708108849e+01,2.693724359851330519e-01
7.117872782051858849e+01,2.963080203626304865e-01
7.119954080879983849e+01,7.005817301105707884e-01
7.122035379708108849e+01,9.803005808498710394e-02
7.124122782051858849e+01,7.771662524901330471e-01
7.126204080879983849e+01,2.309007836738601327e-01
7.128285379708108849e+01,4.450307867955416441e-01
7.130372782051858849e+01,-8.930228592362254858e-02
7.132454080879983849e+01,1.709922438021749258e-02
7.134535379708108849e+01,1.590712659526616335e-02
7.136622782051858849e+01,4.086960089625790715e-01
7.138704080879983849e+01,6.591295223915949464e-01
7.140785379708108849e+01,-1.519426372833549976e-01
7.142872782051858849e+01,4.761586944805458188e-01
7.144954080879983849e+01,3.656308210920542479e-01
7.147035379708108849e+01,3.206862624501809478e-01
7.149122782051858849e+01,2.908881579060107470e-02
7.151204080879983849e+01,5.980851221829652786e-02
7.153285379708108849e+01,2.593785959761589766e-01
7.155372782051858849e+01,3.782543769339099526e-01
7.157454080879983849e+01,3.757662166608497500e-01
7.159535379708108849e+01,2.309660536702722311e-01
7.161622782051858849e+01,5.829647614154964685e-01
7.163704080879983849e+01,6.103369565680623055e-01
7.165785379708108849e+01,4.999782472150400281e-01
7.167872782051858849e+01,-2.334747962886467576e-01
7.169954080879983849e+01,-9.655792335979640484e-02
7.172035379708108849e+01,3.244932339293882251e-01
7.174122782051858849e+01,6.923416649224236608e-01
7.176204080879983849e+01,9.502468723803758621e-02
7.178285379708108849e+01,-8.759312704205513000e-02
7.180372782051858849e+01,2.042526302393525839e-01
7.182454080879983849e+01,3.360216128639876842e-01
7.184535379708108849e+01,3.715942683629691601e-02
7.186622782051858849e+01,-3.033937653526663780e-03
7.188704080879983849e+01,2.485886274371296167e-01
7.190785379708108849e+01,2.023733771638944745e-01
7.192872782051858849e+01,1.857870396925136447e-01
7.194954080879983849e+01,6.798060475848615170e-01
7.197035379708108849e+01,4.430532958358526230e-01
7.199122782051858849e+01,2.731601266423240304e-01
7.201204080879983849e+01,-1.512506863800808787e-01
7.203285379708108849e+01,-3.802588450489565730e-01
7.205372782051858849e+01,-5.159296485362574458e-01
7.207454080879983849e+01,-4.134965548291802406e-02
7.209535379708108849e+01,2.462666272185742855e-01
7.211622782051858849e+01,2.364683258347213268e-01
7.213704080879983849e+01,8.893646299839019775e-03
7.215785379708108849e+01,-2.304568018298596144e-01
7.217872782051858849e+01,4.477083223173394799e-01
7.219954080879983849e+01,2.966520733898505569e-01
7.222035379708108849e+01,8.706838823854923248e-03
7.224122782051858849e+01,3.484349430073052645e-01
7.226204080879983849e+01,-9.906713746022433043e-02
7.228285379708108849e+01,-1.320261331275105476e-01
7.230372782051858849e+01,-1.122147738933563232e-01
7.232454080879983849e+01,6.508098146878182888e-02
7.234535379708108849e+01,2.497721692780032754e-01
7.236622782051858849e+01,-3.301705342018976808e-01
7.238704080879983849e+01,-1.264997523976489902e-01
7.240785379708108849e+01,-6.716811272781342268e-02
7.242872782051858849e+01,5.566442535491660237e-01
7.244954080879983849e+01,4.084468190558254719e-01
7.247035379708108849e+01,2.220185204641893506e-01
7.249122782051858849e+01,-8.507191319949924946e-02
7.251204080879983849e+01,4.201543011004105210e-01
7.253285379708108849e+01,3.260633394820615649e-01
7.255372782051858849e+01,-6.752040446735918522e-02
7.257454080879983849e+01,4.709061157191172242e-01
7.259535379708108849e+01,1.698264072183519602e-01
7.261622782051858849e+01,4.274367752950638533e-01
7.263704080879983849e+01,1.157555762911215425e-01
7.265785379708108849e+01,3.739224411547183990e-01
7.267872782051858849e+01,1.651910837972536683e-01
7.269954080879983849e+01,-4.379800001624971628e-01
7.272035379708108849e+01,-7.084570931037887931e-01
7.274122782051858849e+01,9.143111342564225197e-02
7.276204080879983849e+01,4.252629703842103481e-02
7.278285379708108849e+01,1.242381199263036251e-01
7.280372782051858849e+01,-2.040943200699985027e-02
7.282454080879983849e+01,3.899149736389517784e-02
7.284535379708108849e+01,2.203686379361897707e-01
7.286622782051858849e+01,3.151633224915713072e-01
7.288704080879983849e+01,-5.085117660928517580e-02
7.290785379708108849e+01,1.366062428569421172e-01
7.292872782051858849e+01,4.924817578867077827e-01
7.294954080879983849e+01,3.270589164458215237e-02
7.297035379708108849e+01,4.848730922676622868e-01
7.299122782051858849e+01,9.494032314978539944e-02
7.301204080879983849e+01,5.777901101391762495e-01
7.303285379708108849e+01,3.146317192586138844e-01
7.305372782051858849e+01,2.450094609521329403e-01
7.307454080879983849e+01,-5.633750581182539463e-02
7.309535379708108849e+01,6.129532173508778214e-01
7.311622782051858849e+01,9.519872115924954414e-02
7.313704080879983849e+01,-3.987221966963261366e-01
7.315785379708108849e+01,4.849114315584301949e-02
7.317872782051858849e+01,4.693549523362889886e-01
7.319954080879983849e+01,-2.519421471515670419e-01
7.324122782051858849e+01,9.502715081907808781e-03
7.326204080879983849e+01,-1.630899618146941066e+00
7.328285379708108849e+01,-1.734366704826243222e+00
7.330372782051858849e+01,-7.743203170830383897e-01
7.332454080879983849e+01,2.048806282691657543e-01
7.334535379708108849e+01,1.537626491626724601e-01
7.336622782051858849e+01,9.158961020875722170e-02
7.338704080879983849e+01,-1.869478423614054918e-01
7.340785379708108849e+01,2.400560212554410100e-01
7.342872782051858849e+01,-5.753324350807815790e-01
7.344954080879983849e+01,-5.961176822893321514e-02
7.347035379708108849e+01,-1.728260823292657733e-01
7.349122782051858849e+01,6.150893340818583965e-01
7.351204080879983849e+01,-1.020189521368592978e-01
7.353285379708108849e+01,1.843113281065598130e-01
7.355372782051858849e+01,1.151752198347821832e-01
7.357454080879983849e+01,-1.379779505077749491e-01
7.359535379708108849e+01,4.580931136151775718e-01
7.361622782051858849e+01,3.042661210056394339e-01
7.363704080879983849e+01,-1.677702378947287798e-01
7.365785379708108849e+01,3.412808437133207917e-01
7.367872782051858849e+01,1.993173414375633001e-01
7.369954080879983849e+01,2.687443303875625134e-02
7.372035379708108849e+01,1.085946772946044803e-01
7.374122782051858849e+01,-4.353207023814320564e-02
7.376204080879983849e+01,2.358955875970423222e-01
7.378285379708108849e+01,1.066334231290966272e-01
7.380372782051858849e+01,-5.396414540009573102e-01
7.382454080879983849e+01,-2.943816668121144176e-01
7.384535379708108849e+01,-1.910898203495889902e-01
7.386622782051858849e+01,-1.851905547082424164e-01
7.388704080879983849e+01,-3.711215070215985179e-01
7.390785379708108849e+01,5.657091306056827307e-02
7.392872782051858849e+01,-6.543692570412531495e-01
7.394954080879983849e+01,2.487166184000670910e-01
7.397035379708108849e+01,-3.619269763585180044e-01
7.399122782051858849e+01,2.338008556980639696e-01
7.401204080879983849e+01,-2.793992452789098024e-01
7.403285379708108849e+01,3.753608856350183487e-01
7.405372782051858849e+01,4.075272091431543231e-01
7.407454080879983849e+01,-6.650129379704594612e-02
7.409535379708108849e+01,4.065669048577547073e-02
7.411622782051858849e+01,4.481154307723045349e-02
7.413704080879983849e+01,-4.219689299352467060e-01
7.415785379708108849e+01,3.706379403593018651e-01
7.417872782051858849e+01,1.908945909235626459e-01
7.419954080879983849e+01,-7.218476163689047098e-02
7.422035379708108849e+01,-1.220224837306886911e-01
7.424122782051858849e+01,9.839071542955935001e-02
7.426204080879983849e+01,2.322389923501759768e-01
7.428285379708108849e+01,-1.812274206895381212e-02
7.430372782051858849e+01,3.235086265485733747e-01
7.432454080879983849e+01,-2.881646032910794020e-01
7.434535379708108849e+01,-1.581948576495051384e-01
7.436622782051858849e+01,8.437474432867020369e-02
7.438704080879983849e+01,-1.065429282607510686e-01
7.440785379708108849e+01,-2.829179266700521111e-01
7.442872782051858849e+01,-2.274434035643935204e-01
7.444954080879983849e+01,2.066743477480486035e-01
7.447035379708108849e+01,-6.162097724154591560e-02
7.449122782051858849e+01,-1.368800695054233074e-01
7.451204080879983849e+01,6.073919999180361629e-01
7.453285379708108849e+01,4.464487088844180107e-01
7.455372782051858849e+01,2.701165154576301575e-02
7.457454080879983849e+01,3.561131453607231379e-01
7.459535379708108849e+01,-1.126562827266752720e-01
7.461622782051858849e+01,1.127018372062593699e-01
7.463704080879983849e+01,3.287526641506701708e-01
7.465785379708108849e+01,1.445004115812480450e-01
7.467872782051858849e+01,2.582448001485317945e-01
7.469954080879983849e+01,1.621586454566568136e-01
7.472035379708108849e+01,-1.026129757519811392e-02
7.474122782051858849e+01,-3.361666831187903881e-02
7.476210184395608849e+01,2.168143487069755793e-01
7.478291483223733849e+01,2.828733762726187706e-01
7.480372782051858849e+01,1.147134893108159304e-02
7.482460184395608849e+01,2.821090704528614879e-01
7.484541483223733849e+01,-1.826429078355431557e-01
7.486622782051858849e+01,3.780689658597111702e-01
7.488710184395608849e+01,-2.135481460718438029e-01
7.490791483223733849e+01,-1.350811787415295839e-01
7.492872782051858849e+01,-3.510389550356194377e-01
7.494960184395608849e+01,1.379367185290902853e-02
7.497041483223733849e+01,-3.326816766057163477e-01
7.499122782051858849e+01,5.190256051719188690e-02
7.501210184395608849e+01,1.052995997015386820e-01
7.503291483223733849e+01,1.756370485527440906e-01
7.505372782051858849e+01,-4.679987740237265825e-01
7.507460184395608849e+01,2.830837880028411746e-01
7.509541483223733849e+01,-5.546293442603200674e-02
7.511622782051858849e+01,-1.771979744080454111e-02
7.513710184395608849e+01,1.238334318622946739e-01
7.515791483223733849e+01,-1.909959785407409072e-01
7.517872782051858849e+01,2.510222303681075573e-02
7.519960184395608849e+01,3.687807759270071983e-01
7.522041483223733849e+01,1.226716150995343924e-01
7.524122782051858849e+01,4.030170540791004896e-01
7.526210184395608849e+01,-1.176060345023870468e-01
7.528291483223733849e+01,-2.540645245462656021e-01
7.530372782051858849e+01,6.511463492643088102e-02
7.532460184395608849e+01,-2.939588773297145963e-01
7.534541483223733849e+01,-1.986450767144560814e-01
7.536622782051858849e+01,2.820481915259733796e-01
7.538710184395608849e+01,-3.397349286824464798e-01
7.540791483223733849e+01,2.327553455252200365e-01
7.542872782051858849e+01,2.058623358607292175e-03
7.544960184395608849e+01,3.632472482277080417e-01
7.547041483223733849e+01,4.532664406578987837e-01
7.549122782051858849e+01,1.749263424426317215e-02
7.551210184395608849e+01,-1.534651129040867090e-01
7.553291483223733849e+01,-9.266928851138800383e-02
7.555372782051858849e+01,3.409462864510715008e-01
7.557460184395608849e+01,3.903902327874675393e-01
7.559541483223733849e+01,-1.349908432457596064e-01
7.561622782051858849e+01,-1.650359097402542830e-01
7.563710184395608849e+01,-3.581803396809846163e-02
7.565791483223733849e+01,1.324176777852699161e-01
7.567872782051858849e+01,2.049629309913143516e-01
7.569960184395608849e+01,-1.115896078990772367e-01
7.572041483223733849e+01,2.720030881464481354e-01
7.574122782051858849e+01,1.742790244752541184e-01
7.576210184395608849e+01,4.795286721782758832e-01
7.578291483223733849e+01,-2.380243111401796341e-01
7.580372782051858849e+01,2.732382696121931076e-01
7.582460184395608849e+01,1.658098021289333701e-01
7.584541483223733849e+01,-4.279309449484571815e-01
7.586622782051858849e+01,6.418455298990011215e-02
7.588710184395608849e+01,-3.787569504929706454e-01
7.590791483223733849e+01,1.499234024668112397e-01
7.592872782051858849e+01,2.583818731363862753e-02
7.594960184395608849e+01,-1.477731412742286921e-01
7.597041483223733849e+01,9.961458377074450254e-02
7.599122782051858849e+01,6.125099350465461612e-01
7.601210184395608849e+01,3.204006771557033062e-02
7.603291483223733849e+01,2.732901944546028972e-01
7.605372782051858849e+01,6.551514682359993458e-02
7.607460184395608849e+01,-1.114542193245142698e-01
7.609541483223733849e+01,1.454450092278420925e-01
7.611622782051858849e+01,-6.085956934839487076e-02
7.613710184395608849e+01,-4.088576546637341380e-01
7.615791483223733849e+01,9.995526215061545372e-02
7.617872782051858849e+01,-8.617233601398766041e-02
7.619960184395608849e+01,-1.662622571457177401e-01
7.624122782051858849e+01,5.703258556313812733e-01
7.626210184395608849e+01,1.348972036503255367e-01
7.628291483223733849e+01,1.370553867891430855e-01
7.632460184395608849e+01,7.797841135179623961e-01
7.634541483223733849e+01,3.663523516152054071e-01
7.636622782051858849e+01,4.318163464777171612e-01
7.638710184395608849e+01,-1.622089087031781673e-01
7.640791483223733849e+01,9.535939898341894150e-03
7.642872782051858849e+01,1.811683054547756910e-01
7.644960184395608849e+01,3.522995477542281151e-01
7.647041483223733849e+01,-2.277138874633237720e-01
7.649122782051858849e+01,3.283039005473256111e-01
7.651210184395608849e+01,6.273393973242491484e-02
7.653291483223733849e+01,3.118872317718341947e-01
7.655372782051858849e+01,-5.117282574065029621e-02
7.657460184395608849e+01,3.882469608215615153e-01
7.659541483223733849e+01,9.808248421177268028e-02
7.661622782051858849e+01,-6.753061583731323481e-02
7.663710184395608849e+01,4.686937178485095501e-01
7.665791483223733849e+01,4.941914102528244257e-02
7.667872782051858849e+01,3.114604507572948933e-02
7.669960184395608849e+01,1.477191126905381680e-01
7.672041483223733849e+01,4.123794818297028542e-01
7.674122782051858849e+01,-3.965060424525290728e-02
7.676210184395608849e+01,1.019462534459307790e-01
7.678291483223733849e+01,-1.236442412482574582e-01
7.680372782051858849e+01,-1.422628064174205065e-01
7.682460184395608849e+01,5.051299901679158211e-01
7.684541483223733849e+01,-5.583987525897100568e-01
7.686622782051858849e+01,-2.381510378327220678e-01
7.688710184395608849e+01,-1.693056769086979330e+00
7.690791483223733849e+01,-1.403957443544641137e-01
7.692872782051858849e+01,-6.923969648778438568e-02
7.694960184395608849e+01,-1.074012079508975148e+00
7.697041483223733849e+01,-1.989443609374575317e+00
7.699122782051858849e+01,-5.745347617194056511e-01
7.701210184395608849e+01,2.989069961477071047e-01
7.703291483223733849e+01,-1.589959654957056046e-01
7.705372782051858849e+01,-1.823894579429179430e-01
7.707460184395608849e+01,-8.044833492022007704e-02
7.709541483223733849e+01,3.048316966742277145e-01
7.711622782051858849e+01,1.904582441784441471e-01
7.713710184395608849e+01,-2.237894512945786119e-01
7.715791483223733849e+01,-6.647704087663441896e-02
7.717872782051858849e+01,3.251204333500936627e-01
7.719960184395608849e+01,-6.025950657203793526e-03
7.722041483223733849e+01,-7.257653231499716640e-01
7.724122782051858849e+01,-5.150142870843410492e-01
7.726210184395608849e+01,-1.460417323978617787e-01
7.728291483223733849e+01,-7.570693781599402428e-02
7.730372782051858849e+01,1.992620830424129963e-02
7.732460184395608849e+01,1.975617301650345325e-02
7.734541483223733849e+01,1.702955948421731591e-01
7.736622782051858849e+01,2.190644352231174707e-01
7.738710184395608849e+01,6.819598725996911526e-03
7.740791483223733849e+01,2.999919471330940723e-01
7.742872782051858849e+01,2.110388373257592320e-01
7.744960184395608849e+01,-1.932939001126214862e-01
7.747041483223733849e+01,3.036493284162133932e-02
7.749122782051858849e+01,9.489076456520706415e-02
7.751210184395608849e+01,-2.075029788538813591e-01
7.753291483223733849e+01,2.522680825786665082e-01
7.755372782051858849e+01,-1.504273226018995047e-01
7.757460184395608849e+01,1.371431329753249884e-01
7.759541483223733849e+01,7.575833145529031754e-02
7.761622782051858849e+01,-6.916020065546035767e-03
7.763710184395608849e+01,4.866231768392026424e-02
7.765791483223733849e+01,-1.377642073202878237e-01
7.767872782051858849e+01,3.427820272045210004e-01
7.769960184395608849e+01,4.309482139069586992e-02
7.772041483223733849e+01,2.546038529835641384e-01
7.774122782051858849e+01,8.838714158628135920e-02
7.776210184395608849e+01,-9.589193970896303654e-02
7.778291483223733849e+01,2.594042343553155661e-01
7.780372782051858849e+01,-9.352895698975771666e-02
7.782460184395608849e+01,1.213136909063905478e-01
7.784541483223733849e+01,-2.975213367026299238e-01
7.786622782051858849e+01,1.319258447038009763e-01
7.788710184395608849e+01,3.063226102385669947e-01
7.790791483223733849e+01,2.668659680057317019e-02
7.792872782051858849e+01,7.835401528282091022e-01
7.794960184395608849e+01,2.115112098399549723e-01
7.797041483223733849e+01,3.996232632780447602e-01
7.799122782051858849e+01,-8.050379459746181965e-03
7.801210184395608849e+01,5.495381494984030724e-02
7.803291483223733849e+01,-8.618958666920661926e-02
7.805372782051858849e+01,3.160453374730423093e-01
7.807460184395608849e+01,-1.444320541340857744e-01
7.809541483223733849e+01,1.899395560612902045e-01
7.811622782051858849e+01,-3.902418784564360976e-01
7.813710184395608849e+01,1.013188803335651755e-01
7.815791483223733849e+01,-3.102513499325141311e-01
7.817872782051858849e+01,-2.584764892235398293e-01
7.819960184395608849e+01,-3.099742570193484426e-01
7.822041483223733849e+01,5.692346033174544573e-02
7.824122782051858849e+01,4.379136371426284313e-02
7.826210184395608849e+01,-7.752879080362617970e-02
7.828291483223733849e+01,-2.048416074831038713e-01
7.830372782051858849e+01,-3.239107411354780197e-02
7.832460184395608849e+01,-2.909266221104189754e-01
7.834541483223733849e+01,-1.180673263734206557e-01
7.836622782051858849e+01,1.169748106040060520e-01
7.838710184395608849e+01,9.688813262619078159e-02
7.840791483223733849e+01,-7.194922212511301041e-02
7.842872782051858849e+01,-1.124935369007289410e-01
7.844960184395608849e+01,2.738478058017790318e-01
7.847041483223733849e+01,-4.003849658183753490e-01
7.849122782051858849e+01,-4.637629452627152205e-01
7.851210184395608849e+01,-6.688852631486952305e-02
7.853291483223733849e+01,-2.397868382977321744e-01
7.855372782051858849e+01,-2.161093381000682712e-01
7.857460184395608849e+01,-1.975197114516049623e-01
7.859547586739358849e+01,3.423419198952615261e-02
7.861628885567483849e+01,-3.944323094328865409e-01
7.863710184395608849e+01,1.418626920785754919e-01
7.865797586739358849e+01,-4.527221119496971369e-01
7.867878885567483849e+01,-2.293804613873362541e-02
7.869960184395608849e+01,-3.148151393979787827e-01
7.872047586739358849e+01,-2.865284401923418045e-01
7.874128885567483849e+01,-1.023160550976172090e-01
7.876210184395608849e+01,-1.601263770135119557e-01
7.878297586739358849e+01,-5.888623832724988461e-01
7.880378885567483849e+01,-3.053837273037061095e-01
7.882460184395608849e+01,-4.260986912995576859e-01
7.884547586739358849e+01,-5.667518746340647340e-01
7.886628885567483849e+01,-6.078152672853320837e-02
7.888710184395608849e+01,1.785283359931781888e-01
7.890797586739358849e+01,-6.834410686278715730e-01
7.892878885567483849e+01,2.675420264713466167e-01
7.894960184395608849e+01,-6.037726234644651413e-01
7.897047586739358849e+01,-4.077362463576719165e-01
7.899128885567483849e+01,-2.831989218248054385e-01
7.901210184395608849e+01,-2.774697691202163696e-01
7.903297586739358849e+01,-3.203543957788497210e-01
7.905378885567483849e+01,-1.387604514602571726e-01
7.907460184395608849e+01,2.708925283513963223e-02
7.909547586739358849e+01,-5.702141738729551435e-01
7.911628885567483849e+01,1.270542431157082319e-01
7.913710184395608849e+01,-3.027607061667367816e-01
7.915797586739358849e+01,-1.152498719748109579e-01
7.917878885567483849e+01,-3.586845977697521448e-01
7.919960184395608849e+01,-4.294934296049177647e-01
7.924128885567483849e+01,-9.253788727801293135e-02
7.926210184395608849e+01,-3.956773773534223437e-01
7.928297586739358849e+01,-5.347778132418170571e-01
7.930378885567483849e+01,-2.325762785039842129e-01
7.932460184395608849e+01,-9.958244522567838430e-02
7.934547586739358849e+01,-4.746320936828851700e-01
7.936628885567483849e+01,1.040364538785070181e-01
7.938710184395608849e+01,2.226985384477302432e-01
7.940797586739358849e+01,-3.433842321392148733e-01
7.942878885567483849e+01,-4.382329811342060566e-01
7.944960184395608849e+01,-4.584355375263839960e-01
7.947047586739358849e+01,-9.727459591813385487e-01
7.949128885567483849e+01,-4.100098100025206804e-01
7.951210184395608849e+01,6.169061944819986820e-02
7.953297586739358849e+01,1.333987258840352297e-02
7.955378885567483849e+01,6.785131094511598349e-02
7.957460184395608849e+01,-2.973101101815700531e-02
7.959547586739358849e+01,6.666034157387912273e-02
7.961628885567483849e+01,1.391699424711987376e-01
7.963710184395608849e+01,-2.633246354525908828e-01
7.965797586739358849e+01,2.352099460549652576e-01
7.967878885567483849e+01,1.665429932763800025e-01
7.969960184395608849e+01,2.726292465813457966e-01
7.972047586739358849e+01,2.799891589675098658e-01
7.974128885567483849e+01,1.677906530676409602e-01
7.976210184395608849e+01,2.679769989335909486e-01
7.978297586739358849e+01,1.238049773965030909e-01
7.980378885567483849e+01,-5.589673097711056471e-02
7.982460184395608849e+01,3.130551255308091640e-01
7.984547586739358849e+01,3.302430462790653110e-01
7.986628885567483849e+01,-1.321084792725741863e-01
7.988710184395608849e+01,4.522853456437587738e-01
7.990797586739358849e+01,2.872412948636338115e-01
7.992878885567483849e+01,4.545363454381003976e-01
7.994960184395608849e+01,2.255252890754491091e-01
7.997047586739358849e+01,-2.191003755433484912e-01
7.999128885567483849e+01,-1.009804540080949664e-01
8.001210184395608849e+01,1.704606254352256656e-01
8.003297586739358849e+01,1.694644253002479672e-01
8.005378885567483849e+01,7.343192147091031075e-01
8.007460184395608849e+01,1.201540387701243162e-01
8.009547586739358849e+01,2.167773642577230930e-01
8.011628885567483849e+01,1.583629266824573278e-01
8.013710184395608849e+01,2.991550868609920144e-01
8.015797586739358849e+01,3.285763526801019907e-01
8.017878885567483849e+01,1.305519188754260540e-01
8.019960184395608849e+01,5.790568920783698559e-01
8.022047586739358849e+01,3.115301528014242649e-01
8.024128885567483849e+01,5.469663209514692426e-01
8.026210184395608849e+01,1.572323902510106564e-01
8.028297586739358849e+01,2.910333524923771620e-01
8.030378885567483849e+01,-1.831203394103795290e-01
8.032460184395608849e+01,1.718710269778966904e-01
8.034547586739358849e+01,3.525233996333554387e-01
8.036628885567483849e+01,8.928398088319227099e-01
8.038710184395608849e+01,-1.492745371069759130e-02
8.040797586739358849e+01,2.713031297316774726e-01
8.042878885567483849e+01,2.836140698054805398e-01
8.044960184395608849e+01,3.504311239812523127e-01
8.047047586739358849e+01,2.494972769636660814e-01
8.049128885567483849e+01,2.373517712112516165e-02
8.051210184395608849e+01,4.701185266021639109e-01
8.053297586739358849e+01,6.181400354253128171e-01
8.055378885567483849e+01,3.247978137806057930e-01
8.057460184395608849e+01,6.535361645510420203e-01
8.059547586739358849e+01,3.255933807231485844e-01
8.061628885567483849e+01,6.912698809755966067e-01
8.063710184395608849e+01,-2.359303632983937860e-01
8.065797586739358849e+01,-1.417614885023795068e+00
8.067878885567483849e+01,-1.246996709494851530e+00
8.069960184395608849e+01,8.754340647719800472e-01
8.072047586739358849e+01,2.956309240544214845e-01
8.074128885567483849e+01,-2.856463881907984614e-01
8.076210184395608849e+01,2.819464078638702631e-01
8.078297586739358849e+01,1.135729032102972269e-02
8.080378885567483849e+01,5.954680815339088440e-01
8.082460184395608849e+01,6.259046917548403144e-01
8.084547586739358849e+01,6.167835653759539127e-01
8.086628885567483849e+01,5.619435268454253674e-01
8.088710184395608849e+01,-2.381507386453449726e-01
8.090797586739358849e+01,2.323079152265563607e-01
8.092878885567483849e+01,-5.295294988900423050e-02
8.094960184395608849e+01,5.512602855451405048e-01
8.097047586739358849e+01,6.726028322009369731e-01
8.099128885567483849e+01,2.449620024999603629e-01
8.101210184395608849e+01,1.804521022131666541e-01
8.103297586739358849e+01,3.518088269047439098e-01
8.105378885567483849e+01,4.069848095532506704e-01
8.107460184395608849e+01,3.987478066701442003e-01
8.109547586739358849e+01,1.824397870805114508e-01
8.111628885567483849e+01,2.673104954883456230e-01
8.113710184395608849e+01,2.898029071511700749e-01
8.115797586739358849e+01,3.708925835089758039e-01
8.117878885567483849e+01,2.625554555561393499e-01
8.119960184395608849e+01,-4.248820245265960693e-03
8.122047586739358849e+01,7.281207514461129904e-02
8.124128885567483849e+01,4.103382665198296309e-01
8.126210184395608849e+01,-1.839048906695097685e-01
8.128297586739358849e+01,5.350741489091888070e-01
8.130378885567483849e+01,4.793510419549420476e-01
8.132460184395608849e+01,2.455516560003161430e-01
8.134547586739358849e+01,7.959578081499785185e-02
8.136628885567483849e+01,2.453757611801847816e-01
8.138710184395608849e+01,6.370178371435031295e-01
8.140797586739358849e+01,1.629798952490091324e-02
8.142878885567483849e+01,1.783148712711408734e-01
8.144960184395608849e+01,7.562036532908678055e-02
8.147047586739358849e+01,2.983117860276252031e-02
8.149128885567483849e+01,-1.581851295195519924e-01
8.151210184395608849e+01,2.391402062494307756e-02
8.153297586739358849e+01,-9.671364992391318083e-02
8.155378885567483849e+01,5.992609376553446054e-01
8.157460184395608849e+01,5.212969974381849170e-01
8.159547586739358849e+01,-2.926006723428145051e-01
8.161628885567483849e+01,2.118241258431226015e-01
8.163710184395608849e+01,3.119302941486239433e-01
8.165797586739358849e+01,-1.496550859883427620e-02
8.167878885567483849e+01,-2.814967770827934146e-01
8.169960184395608849e+01,-4.544264988508075476e-01
8.172047586739358849e+01,-6.845117174088954926e-01
8.174128885567483849e+01,-6.683113522594794631e-01
8.176210184395608849e+01,-2.610780433751642704e-01
8.178297586739358849e+01,-2.950270479777827859e-01
8.180378885567483849e+01,-2.414113064296543598e-01
8.182460184395608849e+01,-8.352940441109240055e-01
8.184547586739358849e+01,-3.431393788196146488e-01
8.186628885567483849e+01,-7.347441789461299777e-01
8.188710184395608849e+01,-1.436544447555206716e+00
8.190797586739358849e+01,-8.766973089659586549e-01
8.192878885567483849e+01,2.225503842346370220e-01
8.194960184395608849e+01,-3.340535482857376337e-01
8.197047586739358849e+01,-5.738743052352219820e-01
8.199128885567483849e+01,-7.262746223714202642e-01
8.201210184395608849e+01,-3.100415471708402038e-01
8.203297586739358849e+01,-2.997562284581363201e-01
8.205378885567483849e+01,-4.064783417852595448e-01
8.207460184395608849e+01,-6.158333959756419063e-01
8.209547586739358849e+01,-1.050234696594998240e-01
8.211628885567483849e+01,-5.163104013772681355e-01
8.213710184395608849e+01,-9.298186356900259852e-01
8.388716287911233849e+01,2.951205075951293111e-01
8.390797586739358849e+01,4.620931447716429830e-01
8.392884989083108849e+01,-2.549912279937416315e-02
8.394966287911233849e+01,-1.041561504825949669e-02
8.397047586739358849e+01,-1.022306816652417183e+00
8.399134989083108849e+01,-6.619981136173009872e-01
8.401216287911233849e+01,6.613765400834381580e-02
8.403297586739358849e+01,-2.952858165372163057e-01
8.405384989083108849e+01,2.010839057620614767e-01
8.407466287911233849e+01,-4.003573693335056305e-01
8.409547586739358849e+01,7.589911692775785923e-02
8.411634989083108849e+01,2.160187052795663476e-01
8.413716287911233849e+01,-1.373323646839708090e-01
8.415797586739358849e+01,6.681098625995218754e-02
8.417884989083108849e+01,-4.964209022000432014e-01
8.419966287911233849e+01,-3.451356857549399137e-01
8.422047586739358849e+01,-7.476959044579416513e-01
8.424134989083108849e+01,-1.056978396372869611e-01
8.426216287911233849e+01,1.427542869932949543e-01
8.428297586739358849e+01,-5.199980277102440596e-01
8.430384989083108849e+01,1.412867350736632943e-01
8.432466287911233849e+01,-1.564865975291468203e+00
8.436634989083108849e+01,-1.407302691251970828e+00
8.438716287911233849e+01,2.027868741424754262e-01
8.440797586739358849e+01,-2.116056508384644985e-02
8.442884989083108849e+01,-2.376374090090394020e-02
8.444966287911233849e+01,-1.156885336386039853e-01
8.447047586739358849e+01,-3.043407958466559649e-01
8.449134989083108849e+01,-4.582534088985994458e-01
8.451216287911233849e+01,-3.469825930660590529e-01
8.453297586739358849e+01,-3.535812629852443933e-01
8.455384989083108849e+01,-1.003039214992895722e-01
8.457466287911233849e+01,-1.628891522996127605e-01
8.459547586739358849e+01,-6.577496797544881701e-01
8.461634989083108849e+01,-2.959263755474239588e-01
8.463716287911233849e+01,-8.686947397654876113e-01
8.465797586739358849e+01,-1.745201084995642304e-01
8.467884989083108849e+01,-3.071014551678672433e-01
8.469966287911233849e+01,-1.917518640402704477e-01
8.472047586739358849e+01,-5.742399964947253466e-01
8.474134989083108849e+01,-5.676273885183036327e-01
8.476216287911233849e+01,-4.034768770216032863e-01
8.478297586739358849e+01,-3.109166285721585155e-01
8.480384989083108849e+01,-1.900973572628572583e-01
8.482466287911233849e+01,-6.802342898445203900e-01
8.484547586739358849e+01,-7.297967595513910055e-01
8.486634989083108849e+01,-2.272009808802977204e-01
8.488716287911233849e+01,-6.187075987691059709e-01
8.490797586739358849e+01,-8.447465719655156136e-03
8.492884989083108849e+01,-2.551254753489047289e-01
8.494966287911233849e+01,-2.416293894639238715e-01
8.497047586739358849e+01,-1.044167196378111839e-01
8.499134989083108849e+01,2.050342500442638993e-01
8.501216287911233849e+01,-4.859213302843272686e-01
8.503297586739358849e+01,3.551048389635980129e-02
8.505384989083108849e+01,1.040334871504455805e-02
8.507466287911233849e+01,-5.884682261385023594e-01
8.509547586739358849e+01,-2.979214712977409363e-01
8.511634989083108849e+01,-5.576808707555755973e-01
8.513716287911233849e+01,-4.792588497512042522e-01
8.515797586739358849e+01,-6.950635414104908705e-01
8.517884989083108849e+01,-4.044523348566144705e-01
8.519966287911233849e+01,-1.221394216408953071e-01
8.522047586739358849e+01,2.057209564372897148e-02
8.524134989083108849e+01,-5.551717240596190095e-01
8.526216287911233849e+01,-4.770066144410520792e-01
8.528297586739358849e+01,-1.565028524491935968e-01
8.530384989083108849e+01,-2.054105609422549605e-01
8.532466287911233849e+01,-3.230892089195549488e-01
8.534547586739358849e+01,-2.679078867658972740e-01
8.536634989083108849e+01,-3.460362239275127649e-02
8.538716287911233849e+01,1.064845958026126027e-01
8.540797586739358849e+01,-1.468501767376437783e-01
8.542884989083108849e+01,7.532925053965300322e-02
8.544966287911233849e+01,-7.265161606483161449e-03
8.547047586739358849e+01,-4.985276376828551292e-02
8.549134989083108849e+01,-3.159161434741690755e-01
8.551216287911233849e+01,-4.148805269505828619e-01
8.553297586739358849e+01,-1.524453234160318971e-01
8.555384989083108849e+01,7.110621617175638676e-02
8.557466287911233849e+01,-6.884468668140470982e-01
8.559547586739358849e+01,-3.021202310919761658e-01
8.561634989083108849e+01,-1.372993560507893562e-01
8.563716287911233849e+01,1.097378496779128909e-01
8.565797586739358849e+01,1.068374464521184564e-01
8.567884989083108849e+01,-3.052221923135221004e-01
8.569966287911233849e+01,-7.231802493333816528e-02
8.572047586739358849e+01,-1.074702308978885412e-01
8.574134989083108849e+01,1.739002462709322572e-01
8.576216287911233849e+01,3.626200775615870953e-01
8.578297586739358849e+01,-2.399219751823693514e-01
8.580384989083108849e+01,-1.791292675770819187e-01
8.582466287911233849e+01,-4.206110048107802868e-02
8.584547586739358849e+01,-8.304474246688187122e-02
8.586634989083108849e+01,8.909247792325913906e-02
8.588716287911233849e+01,5.298835248686373234e-02
8.590797586739358849e+01,-3.838364451657980680e-01
8.592884989083108849e+01,7.973427290562540293e-02
8.594966287911233849e+01,-3.577698215376585722e-01
8.597047586739358849e+01,4.431049898266792297e-02
8.599134989083108849e+01,-1.002672580070793629e-01
8.601216287911233849e+01,9.460226306691765785e-02
8.603297586739358849e+01,1.978354540187865496e-02
8.605384989083108849e+01,-2.754973565461114049e-01
8.607466287911233849e+01,-6.868378364015370607e-02
8.609547586739358849e+01,3.131408942863345146e-03
8.611634989083108849e+01,2.505583933088928461e-02
8.613716287911233849e+01,4.198349302168935537e-02
8.615797586739358849e+01,-4.880930529907345772e-03
8.617884989083108849e+01,-1.915391335496678948e-01
8.619966287911233849e+01,-2.583991810679435730e-01
8.622047586739358849e+01,-1.032249020645394921e+00
8.624134989083108849e+01,-4.817190160974860191e-01
8.626216287911233849e+01,-2.376353100407868624e-02
8.628297586739358849e+01,1.046722151804715395e-01
8.630384989083108849e+01,-3.820195317966863513e-01
8.632466287911233849e+01,-4.919077700469642878e-02
8.634547586739358849e+01,-1.366730339359492064e-01
8.636634989083108849e+01,1.870254836976528168e-01
8.638716287911233849e+01,-1.839502906659618020e-01
8.640797586739358849e+01,-3.758118704427033663e-01
8.642884989083108849e+01,2.915929621085524559e-01
8.644966287911233849e+01,-6.468473444692790508e-02
8.647047586739358849e+01,-3.481193596962839365e-02
8.649134989083108849e+01,-2.446978222578763962e-01
8.651216287911233849e+01,1.111822556704282761e-01
8.653297586739358849e+01,1.806548369349911809e-01
8.655384989083108849e+01,-4.907291536219418049e-01
8.657466287911233849e+01,-6.689882825594395399e-01
8.659547586739358849e+01,-1.121882745064795017e-01
8.661634989083108849e+01,-4.156349053373560309e-01
8.663716287911233849e+01,-3.597475257702171803e-01
8.665797586739358849e+01,-1.847297718049958348e-01
8.667884989083108849e+01,-2.842279275646433234e-01
8.669966287911233849e+01,-3.081386035773903131e-01
8.672047586739358849e+01,-2.730355237144976854e-02
8.674134989083108849e+01,-1.068733942229300737e-01
8.676222391426858849e+01,-3.936934826197102666e-01
8.680384989083108849e+01,-2.610904839821159840e-01
8.682472391426858849e+01,-2.134294277057051659e-01
8.684553690254983849e+01,7.122413394972681999e-02
8.686634989083108849e+01,-1.504280953668057919e-01
8.688722391426858849e+01,-6.424025828018784523e-01
8.690803690254983849e+01,6.206776155158877373e-02
8.692884989083108849e+01,3.131455532275140285e-02
8.694972391426858849e+01,2.044140100479125977e-01
8.697053690254983849e+01,-1.487834857543930411e-01
8.699134989083108849e+01,4.241497372277081013e-03
8.701222391426858849e+01,1.145610818639397621e-01
8.703303690254983849e+01,6.149912416003644466e-02
8.705384989083108849e+01,2.513825818896293640e-01
8.707472391426858849e+01,-7.729640253819525242e-02
8.709553690254983849e+01,2.233122253092005849e-01
8.711634989083108849e+01,-2.260666079819202423e-01
8.713722391426858849e+01,8.712806424591690302e-02
8.715803690254983849e+01,2.761512636207044125e-01
8.717884989083108849e+01,3.792845024727284908e-01
8.719972391426858849e+01,1.350182697642594576e-01
8.722053690254983849e+01,-2.331938629504293203e-01
8.724134989083108849e+01,-1.253467367496341467e-02
8.726222391426858849e+01,4.201796586858108640e-01
8.728303690254983849e+01,-7.252999732736498117e-02
8.730384989083108849e+01,3.910908786347135901e-01
8.732472391426858849e+01,1.310883254045620561e-01
8.734553690254983849e+01,1.101856993045657873e-02
8.736634989083108849e+01,2.147410379257053137e-02
8.738722391426858849e+01,2.882957202382385731e-02
8.740803690254983849e+01,4.578732202062383294e-01
8.742884989083108849e+01,-2.873098190175369382e-01
8.744972391426858849e+01,-5.113089468795806170e-02
8.747053690254983849e+01,-1.108638708246871829e-01
8.749134989083108849e+01,3.315346513409167528e-02
8.751222391426858849e+01,4.729263088665902615e-02
8.753303690254983849e+01,-8.400491392239928246e-02
8.755384989083108849e+01,4.817972949240356684e-02
8.757472391426858849e+01,-1.593398230616003275e-01
8.759553690254983849e+01,-1.173405022127553821e-01
8.761634989083108849e+01,1.522255227901041508e-01
8.763722391426858849e+01,5.421731341630220413e-02
8.765803690254983849e+01,1.468516562599688768e-01
8.767884989083108849e+01,5.979232722893357277e-02
8.769972391426858849e+01,1.423576256493106484e-01
8.772053690254983849e+01,-1.895240453304722905e-01
8.774134989083108849e+01,2.557876965729519725e-01
8.776222391426858849e+01,-8.686778892297297716e-02
8.778303690254983849e+01,-4.031984965549781919e-01
8.780384989083108849e+01,-1.307395524345338345e-01
8.782472391426858849e+01,-2.162776635959744453e-01
8.784553690254983849e+01,1.054436210542917252e-01
8.786634989083108849e+01,-2.531117610633373260e-01
8.788722391426858849e+01,-2.197942313505336642e-01
8.790803690254983849e+01,1.099890359910205007e-01
8.792884989083108849e+01,-1.397370435297489166e-01
8.794972391426858849e+01,2.356083934428170323e-01
8.797053690254983849e+01,1.410725734895095229e-01
8.799134989083108849e+01,-2.687174350721761584e-01
8.801222391426858849e+01,-3.960055777570232749e-01
8.803303690254983849e+01,-1.544381457380950451e+00
8.805384989083108849e+01,-1.380788285285234451e+00
8.807472391426858849e+01,3.387936153449118137e-01
8.809553690254983849e+01,-2.261915475828573108e-01
8.811634989083108849e+01,-6.366233585868030787e-02
8.813722391426858849e+01,2.945870318217203021e-01
8.815803690254983849e+01,-1.322227240307256579e-01
8.817884989083108849e+01,-1.937032201094552875e-01
8.819972391426858849e+01,2.806651368737220764e-01
8.822053690254983849e+01,1.331556204240769148e-02
8.824134989083108849e+01,2.292377087287604809e-01
8.826222391426858849e+01,1.255734446458518505e-01
8.828303690254983849e+01,5.237917699851095676e-01
8.830384989083108849e+01,1.486881442833691835e-01
8.832472391426858849e+01,-1.333477873122319579e-01
8.834553690254983849e+01,5.665491963736712933e-02
8.836634989083108849e+01,-6.020453805103898048e-02
8.838722391426858849e+01,3.473302614875137806e-01
8.840803690254983849e+01,1.997399685205891728e-01
8.842884989083108849e+01,2.643323444062843919e-01
8.844972391426858849e+01,-2.783041761722415686e-01
8.847053690254983849e+01,-6.764495269162580371e-01
8.849134989083108849e+01,-7.199353285832330585e-01
8.851222391426858849e+01,2.492343315389007330e-01
8.853303690254983849e+01,-2.570301685482263565e-01
8.855384989083108849e+01,-6.307693524286150932e-02
8.857472391426858849e+01,4.254697472788393497e-02
8.859553690254983849e+01,-2.508566662436351180e-01
8.861634989083108849e+01,-4.335339111275970936e-02
8.863722391426858849e+01,3.347954327473416924e-01
8.865803690254983849e+01,-3.254257022636011243e-01
8.867884989083108849e+01,4.262570251012220979e-01
8.869972391426858849e+01,-8.981372136622667313e-02
8.872053690254983849e+01,3.526699340436607599e-01
8.874134989083108849e+01,4.382289681816473603e-01
8.876222391426858849e+01,3.805552062112838030e-02
8.878303690254983849e+01,5.510468257125467062e-02
8.880384989083108849e+01,7.602824480272829533e-02
8.882472391426858849e+01,8.676371304318308830e-03
8.884553690254983849e+01,2.726925764000043273e-01
8.886634989083108849e+01,2.410212724935263395e-01
8.888722391426858849e+01,-2.151068390812724829e-01
8.890803690254983849e+01,5.182507572462782264e-01
8.892884989083108849e+01,9.275836613960564137e-02
8.894972391426858849e+01,-4.239183180034160614e-01
8.897053690254983849e+01,1.062761479988694191e-01
8.899134989083108849e+01,2.138379284879192710e-01
8.901222391426858849e+01,-9.901629947125911713e-02
8.903303690254983849e+01,3.403598794247955084e-01
8.905384989083108849e+01,-2.099368135677650571e-01
8.907472391426858849e+01,-4.269311419920995831e-01
8.909553690254983849e+01,-1.378086854238063097e-01
8.911634989083108849e+01,-1.925841569900512695e-01
8.913722391426858849e+01,1.015696709509938955e-01
8.915803690254983849e+01,9.923345176503062248e-03
8.917884989083108849e+01,-1.521324805216863751e-01
8.919972391426858849e+01,9.045760380104184151e-03
8.922053690254983849e+01,8.155933301895856857e-02
8.924134989083108849e+01,-3.236790774390101433e-01
8.926222391426858849e+01,-2.114938967861235142e-02
8.928303690254983849e+01,1.307033677585422993e-01
8.930384989083108849e+01,3.907269262708723545e-02
8.932472391426858849e+01,-1.034150470513850451e-02
8.934553690254983849e+01,2.181295519694685936e-01
8.936634989083108849e+01,2.461249034386128187e-01
8.938722391426858849e+01,1.113384023774415255e-01
8.940803690254983849e+01,6.956824439112097025e-02
8.942884989083108849e+01,2.282581503968685865e-01
8.944972391426858849e+01,8.337035615695640445e-01
8.947053690254983849e+01,7.929323497228324413e-02
8.949134989083108849e+01,3.409138226415961981e-01
8.951222391426858849e+01,1.173018144909292459e-01
8.953303690254983849e+01,4.940751557005569339e-01
8.955384989083108849e+01,4.493955295765772462e-01
8.957472391426858849e+01,2.020988840376958251e-01
8.959553690254983849e+01,-2.709385048365220428e-01
8.961634989083108849e+01,4.575498149497434497e-01
8.963722391426858849e+01,2.052620537579059601e-01
8.965803690254983849e+01,4.672511833487078547e-01
8.967884989083108849e+01,8.039877382107079029e-01
8.969972391426858849e+01,3.262122264131903648e-01
8.972053690254983849e+01,3.176242596236988902e-01
8.974134989083108849e+01,3.266322029521688819e-01
8.976222391426858849e+01,9.875560831278562546e-02
8.980391092598733849e+01,6.085644465638324618e-01
8.982472391426858849e+01,5.661265245871618390e-01
8.984559793770608849e+01,3.195291468873620033e-01
8.986641092598733849e+01,2.613946518395096064e-01
8.988722391426858849e+01,1.478697471320629120e-01
8.990809793770608849e+01,2.580765869934111834e-01
8.992891092598733849e+01,6.793990323785692453e-01
8.994972391426858849e+01,1.480557223549112678e-01
8.997059793770608849e+01,5.737658349098637700e-01
8.999141092598733849e+01,3.508307371521368623e-01
9.001222391426858849e+01,2.326058904873207211e-01
9.003309793770608849e+01,3.890880369581282139e-01
9.005391092598733849e+01,2.804701186250895262e-01
9.007472391426858849e+01,2.933586635626852512e-01
9.009559793770608849e+01,3.169641544809564948e-01
9.011641092598733849e+01,1.190433456795290112e-01
9.013722391426858849e+01,2.030087321763858199e-01
9.015809793770608849e+01,5.406328073004260659e-01
9.017891092598733849e+01,9.254004468675702810e-02
9.019972391426858849e+01,-1.366749881999567151e-01
9.022059793770608849e+01,4.757403277326375246e-01
9.024141092598733849e+01,1.991579178720712662e-01
9.026222391426858849e+01,-1.162469186820089817e-01
9.028309793770608849e+01,1.056782453088089824e-01
9.030391092598733849e+01,1.057815738022327423e-02
9.032472391426858849e+01,-9.295047260820865631e-03
9.034559793770608849e+01,1.191476661479100585e-01
9.036641092598733849e+01,-1.348651167936623096e-01
9.038722391426858849e+01,2.868016221327707171e-01
9.040809793770608849e+01,-8.546892611775547266e-02
9.042891092598733849e+01,5.673283206997439265e-01
9.044972391426858849e+01,1.196368859382346272e-01
9.047059793770608849e+01,3.859690146055072546e-02
9.049141092598733849e+01,3.311031179036945105e-01
9.051222391426858849e+01,1.308574574068188667e-03
9.053309793770608849e+01,2.078617135994136333e-01
9.055391092598733849e+01,2.413479370297864079e-01
9.057472391426858849e+01,-2.629800057038664818e-01
9.059559793770608849e+01,7.827606168575584888e-03
9.061641092598733849e+01,-1.329006177838891745e-01
9.063722391426858849e+01,2.343132263049483299e-01
9.065809793770608849e+01,1.307865516282618046e-01
9.067891092598733849e+01,3.530428751837462187e-01
9.069972391426858849e+01,1.536603011190891266e-01
9.072059793770608849e+01,-3.025595811195671558e-01
9.074141092598733849e+01,-6.315385700436308980e-01
9.076222391426858849e+01,-1.641109294723719358e-01
9.078309793770608849e+01,-1.479680832708254457e-01
9.080391092598733849e+01,1.069908313220366836e-01
9.082472391426858849e+01,8.971284469589591026e-02
9.084559793770608849e+01,-2.888073145877569914e-01
9.086641092598733849e+01,2.937168697826564312e-02
9.088722391426858849e+01,2.183607890037819743e-01
9.090809793770608849e+01,1.894508947152644396e-01
9.092891092598733849e+01,1.764627720694988966e-01
9.094972391426858849e+01,2.759333443827927113e-01
9.097059793770608849e+01,3.872038605622947216e-01
9.099141092598733849e+01,9.627023665234446526e-02
9.101222391426858849e+01,3.556904816068708897e-01
9.103309793770608849e+01,2.855386575683951378e-01
9.105391092598733849e+01,3.509194999933242798e-01
9.107472391426858849e+01,2.061394023476168513e-01
9.109559793770608849e+01,4.310333071043714881e-01
9.111641092598733849e+01,1.808760442072525620e-01
9.113722391426858849e+01,5.812576349126175046e-01
9.115809793770608849e+01,1.918572566937655210e-01
9.117891092598733849e+01,5.099472124129533768e-03
9.119972391426858849e+01,-2.725546981673687696e-01
9.122059793770608849e+01,1.782738042529672384e-01
9.124141092598733849e+01,3.521730635548010468e-01
9.126222391426858849e+01,5.078778631286695600e-01
9.128309793770608849e+01,-1.767818327061831951e-02
9.130391092598733849e+01,3.850933022331446409e-01
9.132472391426858849e+01,2.098065160680562258e-01
9.134559793770608849e+01,2.137857857160270214e-01
9.136641092598733849e+01,-2.305258258711546659e-01
9.138722391426858849e+01,5.725373269524425268e-02
9.140809793770608849e+01,3.434846543241292238e-01
9.142891092598733849e+01,8.003595890477299690e-02
9.144972391426858849e+01,1.464534857077524066e-01
9.147059793770608849e+01,2.342154887737706304e-01
9.149141092598733849e+01,2.351058787899091840e-01
9.151222391426858849e+01,2.289220888633280993e-02
9.153309793770608849e+01,1.504437157418578863e-01
9.155391092598733849e+01,4.308485235087573528e-01
9.157472391426858849e+01,4.401718740118667483e-01
9.159559793770608849e+01,-8.457332744728773832e-02
9.161641092598733849e+01,-4.343835881445556879e-02
9.163722391426858849e+01,1.355253250803798437e-01
9.165809793770608849e+01,4.770048435311764479e-01
9.167891092598733849e+01,8.736294938717037439e-02
9.169972391426858849e+01,2.704966336023062468e-02
9.172059793770608849e+01,-1.500072907656431198e+00
9.174141092598733849e+01,-1.396750658168457448e+00
9.176222391426858849e+01,-4.530663380865007639e-02
9.178309793770608849e+01,-1.417646178975701332e+00
9.180391092598733849e+01,-5.257540798047557473e-01
9.182472391426858849e+01,1.803001512307673693e-01
9.184559793770608849e+01,2.113451737677678466e-01
9.186641092598733849e+01,-9.050125523936003447e-02
9.188722391426858849e+01,1.386920033255591989e-01
9.190809793770608849e+01,5.190760013647377491e-03
9.192891092598733849e+01,1.076809244696050882e-01
9.194972391426858849e+01,1.773995599942281842e-01
9.197059793770608849e+01,4.826927150133997202e-01
9.199141092598733849e+01,1.229477310553193092e-01
9.201222391426858849e+01,7.706190319731831551e-02
9.203309793770608849e+01,5.349896755069494247e-02
9.205391092598733849e+01,1.750885088695213199e-01
9.207472391426858849e+01,1.932469329331070185e-01
9.209559793770608849e+01,-6.006798031739890575e-02
9.211641092598733849e+01,3.807669884990900755e-01
9.213722391426858849e+01,2.534853102406486869e-01
9.215809793770608849e+01,-9.024156583473086357e-02
9.217891092598733849e+01,2.706734738312661648e-01
9.219972391426858849e+01,2.814108354505151510e-02
9.222059793770608849e+01,6.031106750015169382e-02
9.224141092598733849e+01,5.594929605722427368e-01
9.226222391426858849e+01,2.325533989351242781e-01
9.228309793770608849e+01,3.379365336149930954e-01
9.230391092598733849e+01,-2.150320301298052073e-01
9.232472391426858849e+01,4.417269722325727344e-01
9.234559793770608849e+01,-1.488496918464079499e-01
9.236641092598733849e+01,2.582119754515588284e-02
9.238722391426858849e+01,3.279867130331695080e-01
9.240809793770608849e+01,-1.667142263613641262e-01
9.242891092598733849e+01,-6.832531536929309368e-02
9.244972391426858849e+01,-1.522553490940481424e-01
9.247059793770608849e+01,2.367702999617904425e-02
9.249141092598733849e+01,3.614264988573268056e-01
9.251222391426858849e+01,2.452454240992665291e-01
9.253309793770608849e+01,5.388948903419077396e-02
9.255391092598733849e+01,-6.924992939457297325e-02
9.257472391426858849e+01,-6.292108467314392328e-01
9.259559793770608849e+01,-5.171733582392334938e-01
9.261641092598733849e+01,3.616409744136035442e-01
9.263722391426858849e+01,3.789330848958343267e-01
9.265809793770608849e+01,-2.555084534687921405e-01
9.267891092598733849e+01,2.576041248394176364e-01
9.269972391426858849e+01,2.316793188219889998e-01
9.272059793770608849e+01,1.962742828764021397e-01
9.274141092598733849e+01,1.184050601441413164e-01
9.276222391426858849e+01,4.933298565447330475e-02
9.280391092598733849e+01,-1.707664779387414455e-01
9.282472391426858849e+01,9.215759811922907829e-02
9.284559793770608849e+01,-2.106013715965673327e-01
9.286641092598733849e+01,-1.879602973349392414e-02
9.288722391426858849e+01,1.626354861073195934e-01
9.290809793770608849e+01,2.158243103185668588e-01
9.292897196114358849e+01,-3.290797816589474678e-02
9.294978494942483849e+01,5.234279320575296879e-02
9.297059793770608849e+01,1.712730501312762499e-01
9.299147196114358849e+01,-5.535024516284465790e-01
9.301228494942483849e+01,-7.991844520438462496e-02
9.303309793770608849e+01,-9.546544041950255632e-02
9.305397196114358849e+01,8.293548482470214367e-02
9.307478494942483849e+01,2.243459920864552259e-01
9.309559793770608849e+01,1.591280621942132711e-01
9.311647196114358849e+01,-1.165230711922049522e-01
9.313728494942483849e+01,5.313009954988956451e-03
9.315809793770608849e+01,-1.019176095724105835e-03
9.317897196114358849e+01,-1.756987806875258684e-01
9.319978494942483849e+01,6.007770940195769072e-01
9.322059793770608849e+01,2.753505692817270756e-01
9.324147196114358849e+01,8.754838199820369482e-02
9.326228494942483849e+01,2.363607706502079964e-01
9.328309793770608849e+01,1.244613210437819362e-01
9.330397196114358849e+01,1.592879849486052990e-01
9.332478494942483849e+01,1.878936514258384705e-01
9.334559793770608849e+01,6.575801991857588291e-03
9.336647196114358849e+01,4.906364518683403730e-02
9.338728494942483849e+01,-4.624165861168876290e-01
9.340809793770608849e+01,-5.594490959774702787e-01
9.342897196114358849e+01,4.851086613489314914e-01
9.344978494942483849e+01,1.367242605192586780e-01
9.347059793770608849e+01,-2.457849226193502545e-01
9.349147196114358849e+01,-3.175500166835263371e-01
9.351228494942483849e+01,2.407887566369026899e-01
9.353309793770608849e+01,-3.517166227102279663e-01
9.355397196114358849e+01,-2.642914471216499805e-01
9.357478494942483849e+01,-4.068374319467693567e-02
9.359559793770608849e+01,-7.180205103941261768e-02
9.361647196114358849e+01,-2.546451382804661989e-01
9.363728494942483849e+01,2.793911099433898926e-01
9.365809793770608849e+01,-8.351221738848835230e-02
9.367897196114358849e+01,-1.035886317258700728e-01
9.369978494942483849e+01,-2.513176406500861049e-01
9.372059793770608849e+01,-9.753518714569509029e-02
9.374147196114358849e+01,-9.221087535843253136e-02
9.376228494942483849e+01,1.389883564552292228e-01
9.378309793770608849e+01,-4.073449331335723400e-01
9.380397196114358849e+01,-1.659274697303771973e-01
9.382478494942483849e+01,-2.924782852642238140e-02
9.384559793770608849e+01,-1.066224076785147190e-01
9.386647196114358849e+01,-2.765424102544784546e-01
9.388728494942483849e+01,-4.860639276448637247e-01
9.390809793770608849e+01,-5.072033301694318652e-01
9.392897196114358849e+01,-3.004037332721054554e-01
9.394978494942483849e+01,-3.223321776604279876e-01
9.397059793770608849e+01,-1.758005773881450295e-01
9.399147196114358849e+01,-1.635133153758943081e-01
9.401228494942483849e+01,4.277061421889811754e-01
9.403309793770608849e+01,5.680933847324922681e-01
9.405397196114358849e+01,4.590098091866821051e-01
9.407478494942483849e+01,4.121624563122168183e-01
9.409559793770608849e+01,4.158447793452069163e-01
9.411647196114358849e+01,1.391411921940743923e-01
9.413728494942483849e+01,3.283285109791904688e-01
9.415809793770608849e+01,2.806425223825499415e-01
9.417897196114358849e+01,4.745264623779803514e-01
9.419978494942483849e+01,1.362968229223042727e-01
9.422059793770608849e+01,1.403186803217977285e-01
9.424147196114358849e+01,-2.288624364882707596e-01
9.426228494942483849e+01,-6.498828029725700617e-02
9.428309793770608849e+01,6.034582678694278002e-02
9.430397196114358849e+01,9.125093778129667044e-02
9.432478494942483849e+01,-1.464008470065891743e-03
9.434559793770608849e+01,-9.701283508911728859e-02
9.436647196114358849e+01,-2.512158488389104605e-02
9.438728494942483849e+01,-7.892486802302300930e-02
9.440809793770608849e+01,3.735920391045510769e-02
9.442897196114358849e+01,-9.794212548295035958e-01
9.444978494942483849e+01,1.906126085668802261e-02
9.447059793770608849e+01,-4.745588536607101560e-01
9.449147196114358849e+01,-4.756971474271267653e-01
9.451228494942483849e+01,-3.815230373293161392e-01
9.453309793770608849e+01,-4.144523723516613245e-01
9.455397196114358849e+01,-4.056091378442943096e-01
9.457478494942483849e+01,-1.687538689002394676e-01
9.459559793770608849e+01,-9.087263105902820826e-02
9.461647196114358849e+01,1.746660531498491764e-01
9.463728494942483849e+01,-3.242667495505884290e-01
9.465809793770608849e+01,-5.733630416216328740e-01
9.467897196114358849e+01,-4.197212884901091456e-01
9.469978494942483849e+01,-3.583929288433864713e-01
9.472059793770608849e+01,-2.620149794965982437e-01
9.474147196114358849e+01,-2.434270591475069523e-01
9.476228494942483849e+01,-3.314823607215657830e-01
9.478309793770608849e+01,-2.318505820585414767e-01
9.480397196114358849e+01,-2.766128574730828404e-01
9.482478494942483849e+01,1.096825387794524431e-01
9.484559793770608849e+01,-2.245213683927431703e-01
9.486647196114358849e+01,-3.596410583704710007e-01
9.488728494942483849e+01,-3.659563991241157055e-01
9.490809793770608849e+01,-3.549576036166399717e-01
9.492897196114358849e+01,-1.676693044137209654e-01
9.494978494942483849e+01,-3.141762360464781523e-01
9.497059793770608849e+01,-1.393049159087240696e-01
9.499147196114358849e+01,-3.946304961573332548e-01
9.501228494942483849e+01,4.606250545475631952e-02
9.503309793770608849e+01,-3.237003949470818043e-02
9.505397196114358849e+01,-9.677014441695064306e-02
9.507478494942483849e+01,1.827531881863251328e-01
9.509559793770608849e+01,-1.045234495541080832e-01
9.511647196114358849e+01,1.571129671065136790e-01
9.513728494942483849e+01,-3.327335290377959609e-01
9.515809793770608849e+01,5.269687762483954430e-02
9.517897196114358849e+01,-5.842083109309896827e-01
9.519978494942483849e+01,-1.801221822388470173e-01
9.522059793770608849e+01,-9.947720216587185860e-03
9.524147196114358849e+01,-8.594057685695588589e-01
9.526228494942483849e+01,-2.830156511627137661e-01
9.528309793770608849e+01,1.438111404422670603e-02
9.530397196114358849e+01,4.459395504090934992e-01
9.532478494942483849e+01,-3.002277506748214364e-01
9.534559793770608849e+01,1.574120378354564309e-01
9.536647196114358849e+01,-1.849050126038491726e-01
9.538728494942483849e+01,-2.951623580884188414e-02
9.540809793770608849e+01,-1.200736107421107590e+00
9.542897196114358849e+01,-1.675831882399506867e+00
9.544978494942483849e+01,1.751208165660500526e-02
9.547059793770608849e+01,2.697025907691568136e-01
9.549147196114358849e+01,4.977309566456824541e-01
9.551228494942483849e+01,4.755418737186118960e-01
9.553309793770608849e+01,3.035127470502629876e-01
9.555397196114358849e+01,2.423137346049770713e-01
9.557478494942483849e+01,4.625854222103953362e-01
9.559559793770608849e+01,4.305105718085542321e-01
9.561647196114358849e+01,8.086425209185108542e-01
9.563728494942483849e+01,2.938058675499632955e-01
9.565809793770608849e+01,1.054969948134385049e+00
9.567897196114358849e+01,5.615666968515142798e-01
9.569978494942483849e+01,7.778709968551993370e-01
9.572059793770608849e+01,9.844665256096050143e-01
